186000000,167772256,0,0,0,0,10000
186000000,167772257,0,0,0,0,10000
186000000,167772258,0,0,0,0,10000
186000000,167772259,0,0,0,0,10000
186000000,167772260,0,0,0,0,10000
186000000,167772261,0,0,0,0,10000
186000000,167772262,0,0,0,0,10000
186000000,167772263,0,0,0,0,10000
186000000,167772264,0,0,0,0,10000
186000000,167772265,0,0,0,0,10000
186000000,167772266,0,0,0,0,10000
186000000,167772267,0,0,0,0,10000
186000000,167772268,0,0,0,0,10000
186000000,167772269,0,0,0,0,10000
186000000,167772270,0,0,0,0,10000
186000000,167772271,0,0,0,0,10000
186000000,167772272,0,0,0,0,10000
186000000,167772273,0,0,0,0,10000
186000000,167772274,0,0,0,0,10000
186000000,167772275,0,0,0,0,10000
186000000,167772276,0,0,0,0,10000
186000000,167772277,0,0,0,0,10000
186000000,167772278,0,0,0,0,10000
186000000,167772279,0,0,0,0,10000
186000000,167772280,0,0,0,0,10000
186000000,167772281,0,0,0,0,10000
186000000,167772282,0,0,0,0,10000
186000000,167772283,0,0,0,0,10000
186000000,167772284,0,0,0,0,10000
186000000,167772285,0,0,0,0,10000
186000000,167772286,0,0,0,0,10000
186000000,167772287,0,0,0,0,10000
187000000,167772256,0,0,0,0,10000
187000000,167772257,0,0,0,0,10000
187000000,167772258,0,0,0,0,10000
187000000,167772259,0,0,0,0,10000
187000000,167772260,0,0,0,0,10000
187000000,167772261,0,0,0,0,10000
187000000,167772262,0,0,0,0,10000
187000000,167772263,0,0,0,0,10000
187000000,167772264,0,0,0,0,10000
187000000,167772265,0,0,0,0,10000
187000000,167772266,0,0,0,0,10000
187000000,167772267,0,0,0,0,10000
187000000,167772268,0,0,0,0,10000
187000000,167772269,0,0,0,0,10000
187000000,167772270,0,0,0,0,10000
187000000,167772271,0,0,0,0,10000
187000000,167772272,0,0,0,0,10000
187000000,167772273,0,0,0,0,10000
187000000,167772274,0,0,0,0,10000
187000000,167772275,0,0,0,0,10000
187000000,167772276,0,0,0,0,10000
187000000,167772277,0,0,0,0,10000
187000000,167772278,0,0,0,0,10000
187000000,167772279,0,0,0,0,10000
187000000,167772280,0,0,0,0,10000
187000000,167772281,0,0,0,0,10000
187000000,167772282,0,0,0,0,10000
187000000,167772283,0,0,0,0,10000
187000000,167772284,0,0,0,0,10000
187000000,167772285,0,0,0,0,10000
187000000,167772286,0,0,0,0,10000
187000000,167772287,0,0,0,0,10000
188000000,167772256,0,0,0,0,10000
188000000,167772257,0,0,0,0,10000
188000000,167772258,0,0,0,0,10000
188000000,167772259,0,0,0,0,10000
188000000,167772260,0,0,0,0,10000
188000000,167772261,0,0,0,0,10000
188000000,167772262,0,0,0,0,10000
188000000,167772263,0,0,0,0,10000
188000000,167772264,0,0,0,0,10000
188000000,167772265,0,0,0,0,10000
188000000,167772266,0,0,0,0,10000
188000000,167772267,0,0,0,0,10000
188000000,167772268,0,0,0,0,10000
188000000,167772269,0,0,0,0,10000
188000000,167772270,0,0,0,0,10000
188000000,167772271,0,0,0,0,10000
188000000,167772272,0,0,0,0,10000
188000000,167772273,0,0,0,0,10000
188000000,167772274,0,0,0,0,10000
188000000,167772275,0,0,0,0,10000
188000000,167772276,0,0,0,0,10000
188000000,167772277,0,0,0,0,10000
188000000,167772278,0,0,0,0,10000
188000000,167772279,0,0,0,0,10000
188000000,167772280,0,0,0,0,10000
188000000,167772281,0,0,0,0,10000
188000000,167772282,0,0,0,0,10000
188000000,167772283,0,0,0,0,10000
188000000,167772284,0,0,0,0,10000
188000000,167772285,0,0,0,0,10000
188000000,167772286,0,0,0,0,10000
188000000,167772287,0,0,0,0,10000
189000000,167772256,0,0,0,0,10000
189000000,167772257,0,0,0,0,10000
189000000,167772258,0,0,0,0,10000
189000000,167772259,0,0,0,0,10000
189000000,167772260,0,0,0,0,10000
189000000,167772261,0,0,0,0,10000
189000000,167772262,0,0,0,0,10000
189000000,167772263,0,0,0,0,10000
189000000,167772264,0,0,0,0,10000
189000000,167772265,0,0,0,0,10000
189000000,167772266,0,0,0,0,10000
189000000,167772267,0,0,0,0,10000
189000000,167772268,0,0,0,0,10000
189000000,167772269,0,0,0,0,10000
189000000,167772270,0,0,0,0,10000
189000000,167772271,0,0,0,0,10000
189000000,167772272,0,0,0,0,10000
189000000,167772273,0,0,0,0,10000
189000000,167772274,0,0,0,0,10000
189000000,167772275,0,0,0,0,10000
189000000,167772276,0,0,0,0,10000
189000000,167772277,0,0,0,0,10000
189000000,167772278,0,0,0,0,10000
189000000,167772279,0,0,0,0,10000
189000000,167772280,0,0,0,0,10000
189000000,167772281,0,0,0,0,10000
189000000,167772282,0,0,0,0,10000
189000000,167772283,0,0,0,0,10000
189000000,167772284,0,0,0,0,10000
189000000,167772285,0,0,0,0,10000
189000000,167772286,0,0,0,0,10000
189000000,167772287,0,0,0,0,10000
190000000,167772256,0,0,0,0,10000
190000000,167772257,0,0,0,0,10000
190000000,167772258,0,0,0,0,10000
190000000,167772259,0,0,0,0,10000
190000000,167772260,0,0,0,0,10000
190000000,167772261,0,0,0,0,10000
190000000,167772262,0,0,0,0,10000
190000000,167772263,0,0,0,0,10000
190000000,167772264,0,0,0,0,10000
190000000,167772265,0,0,0,0,10000
190000000,167772266,0,0,0,0,10000
190000000,167772267,0,0,0,0,10000
190000000,167772268,0,0,0,0,10000
190000000,167772269,0,0,0,0,10000
190000000,167772270,0,0,0,0,10000
190000000,167772271,0,0,0,0,10000
190000000,167772272,0,0,0,0,10000
190000000,167772273,0,0,0,0,10000
190000000,167772274,0,0,0,0,10000
190000000,167772275,0,0,0,0,10000
190000000,167772276,0,0,0,0,10000
190000000,167772277,0,0,0,0,10000
190000000,167772278,0,0,0,0,10000
190000000,167772279,0,0,0,0,10000
190000000,167772280,0,0,0,0,10000
190000000,167772281,0,0,0,0,10000
190000000,167772282,0,0,0,0,10000
190000000,167772283,0,0,0,0,10000
190000000,167772284,0,0,0,0,10000
190000000,167772285,0,0,0,0,10000
190000000,167772286,0,0,0,0,10000
190000000,167772287,0,0,0,0,10000
191000000,167772256,0,0,0,0,10000
191000000,167772257,0,0,0,0,10000
191000000,167772258,0,0,0,0,10000
191000000,167772259,0,0,0,0,10000
191000000,167772260,0,0,0,0,10000
191000000,167772261,0,0,0,0,10000
191000000,167772262,0,0,0,0,10000
191000000,167772263,0,0,0,0,10000
191000000,167772264,0,0,0,0,10000
191000000,167772265,0,0,0,0,10000
191000000,167772266,0,0,0,0,10000
191000000,167772267,0,0,0,0,10000
191000000,167772268,0,0,0,0,10000
191000000,167772269,0,0,0,0,10000
191000000,167772270,0,0,0,0,10000
191000000,167772271,0,0,0,0,10000
191000000,167772272,0,0,0,0,10000
191000000,167772273,0,0,0,0,10000
191000000,167772274,0,0,0,0,10000
191000000,167772275,0,0,0,0,10000
191000000,167772276,0,0,0,0,10000
191000000,167772277,0,0,0,0,10000
191000000,167772278,0,0,0,0,10000
191000000,167772279,0,0,0,0,10000
191000000,167772280,0,0,0,0,10000
191000000,167772281,0,0,0,0,10000
191000000,167772282,0,0,0,0,10000
191000000,167772283,0,0,0,0,10000
191000000,167772284,0,0,0,0,10000
191000000,167772285,0,0,0,0,10000
191000000,167772286,0,0,0,0,10000
191000000,167772287,0,0,0,0,10000
192000000,167772256,0,0,0,0,10000
192000000,167772257,0,0,0,0,10000
192000000,167772258,0,0,0,0,10000
192000000,167772259,0,0,0,0,10000
192000000,167772260,0,0,0,0,10000
192000000,167772261,0,0,0,0,10000
192000000,167772262,0,0,0,0,10000
192000000,167772263,0,0,0,0,10000
192000000,167772264,0,0,0,0,10000
192000000,167772265,0,0,0,0,10000
192000000,167772266,0,0,0,0,10000
192000000,167772267,0,0,0,0,10000
192000000,167772268,0,0,0,0,10000
192000000,167772269,0,0,0,0,10000
192000000,167772270,0,0,0,0,10000
192000000,167772271,0,0,0,0,10000
192000000,167772272,0,0,0,0,10000
192000000,167772273,0,0,0,0,10000
192000000,167772274,0,0,0,0,10000
192000000,167772275,0,0,0,0,10000
192000000,167772276,0,0,0,0,10000
192000000,167772277,0,0,0,0,10000
192000000,167772278,0,0,0,0,10000
192000000,167772279,0,0,0,0,10000
192000000,167772280,0,0,0,0,10000
192000000,167772281,0,0,0,0,10000
192000000,167772282,0,0,0,0,10000
192000000,167772283,0,0,0,0,10000
192000000,167772284,0,0,0,0,10000
192000000,167772285,0,0,0,0,10000
192000000,167772286,0,0,0,0,10000
192000000,167772287,0,0,0,0,10000
193000000,167772256,0,0,0,0,10000
193000000,167772257,0,0,0,0,10000
193000000,167772258,0,0,0,0,10000
193000000,167772259,0,0,0,0,10000
193000000,167772260,0,0,0,0,10000
193000000,167772261,0,0,0,0,10000
193000000,167772262,0,0,0,0,10000
193000000,167772263,0,0,0,0,10000
193000000,167772264,0,0,0,0,10000
193000000,167772265,0,0,0,0,10000
193000000,167772266,0,0,0,0,10000
193000000,167772267,0,0,0,0,10000
193000000,167772268,0,0,0,0,10000
193000000,167772269,0,0,0,0,10000
193000000,167772270,0,0,0,0,10000
193000000,167772271,0,0,0,0,10000
193000000,167772272,0,0,0,0,10000
193000000,167772273,0,0,0,0,10000
193000000,167772274,0,0,0,0,10000
193000000,167772275,0,0,0,0,10000
193000000,167772276,0,0,0,0,10000
193000000,167772277,0,0,0,0,10000
193000000,167772278,0,0,0,0,10000
193000000,167772279,0,0,0,0,10000
193000000,167772280,0,0,0,0,10000
193000000,167772281,0,0,0,0,10000
193000000,167772282,0,0,0,0,10000
193000000,167772283,0,0,0,0,10000
193000000,167772284,0,0,0,0,10000
193000000,167772285,0,0,0,0,10000
193000000,167772286,0,0,0,0,10000
193000000,167772287,0,0,0,0,10000
194000000,167772256,0,0,0,0,10000
194000000,167772257,0,0,0,0,10000
194000000,167772258,0,0,0,0,10000
194000000,167772259,0,0,0,0,10000
194000000,167772260,0,0,0,0,10000
194000000,167772261,0,0,0,0,10000
194000000,167772262,0,0,0,0,10000
194000000,167772263,0,0,0,0,10000
194000000,167772264,0,0,0,0,10000
194000000,167772265,0,0,0,0,10000
194000000,167772266,0,0,0,0,10000
194000000,167772267,0,0,0,0,10000
194000000,167772268,0,0,0,0,10000
194000000,167772269,0,0,0,0,10000
194000000,167772270,0,0,0,0,10000
194000000,167772271,0,0,0,0,10000
194000000,167772272,0,0,0,0,10000
194000000,167772273,0,0,0,0,10000
194000000,167772274,0,0,0,0,10000
194000000,167772275,0,0,0,0,10000
194000000,167772276,0,0,0,0,10000
194000000,167772277,0,0,0,0,10000
194000000,167772278,0,0,0,0,10000
194000000,167772279,0,0,0,0,10000
194000000,167772280,0,0,0,0,10000
194000000,167772281,0,0,0,0,10000
194000000,167772282,0,0,0,0,10000
194000000,167772283,0,0,0,0,10000
194000000,167772284,0,0,0,0,10000
194000000,167772285,0,0,0,0,10000
194000000,167772286,0,0,0,0,10000
194000000,167772287,0,0,0,0,10000
195000000,167772256,0,0,0,0,10000
195000000,167772257,0,0,0,0,10000
195000000,167772258,0,0,0,0,10000
195000000,167772259,0,0,0,0,10000
195000000,167772260,0,0,0,0,10000
195000000,167772261,0,0,0,0,10000
195000000,167772262,0,0,0,0,10000
195000000,167772263,0,0,0,0,10000
195000000,167772264,0,0,0,0,10000
195000000,167772265,0,0,0,0,10000
195000000,167772266,0,0,0,0,10000
195000000,167772267,0,0,0,0,10000
195000000,167772268,0,0,0,0,10000
195000000,167772269,0,0,0,0,10000
195000000,167772270,0,0,0,0,10000
195000000,167772271,0,0,0,0,10000
195000000,167772272,0,0,0,0,10000
195000000,167772273,0,0,0,0,10000
195000000,167772274,0,0,0,0,10000
195000000,167772275,0,0,0,0,10000
195000000,167772276,0,0,0,0,10000
195000000,167772277,0,0,0,0,10000
195000000,167772278,0,0,0,0,10000
195000000,167772279,0,0,0,0,10000
195000000,167772280,0,0,0,0,10000
195000000,167772281,0,0,0,0,10000
195000000,167772282,0,0,0,0,10000
195000000,167772283,0,0,0,0,10000
195000000,167772284,0,0,0,0,10000
195000000,167772285,0,0,0,0,10000
195000000,167772286,0,0,0,0,10000
195000000,167772287,0,0,0,0,10000
196000000,167772256,0,0,0,0,10000
196000000,167772257,0,0,0,0,10000
196000000,167772258,0,0,0,0,10000
196000000,167772259,0,0,0,0,10000
196000000,167772260,0,0,0,0,10000
196000000,167772261,0,0,0,0,10000
196000000,167772262,0,0,0,0,10000
196000000,167772263,0,0,0,0,10000
196000000,167772264,0,0,0,0,10000
196000000,167772265,0,0,0,0,10000
196000000,167772266,0,0,0,0,10000
196000000,167772267,0,0,0,0,10000
196000000,167772268,0,0,0,0,10000
196000000,167772269,0,0,0,0,10000
196000000,167772270,0,0,0,0,10000
196000000,167772271,0,0,0,0,10000
196000000,167772272,0,0,0,0,10000
196000000,167772273,0,0,0,0,10000
196000000,167772274,0,0,0,0,10000
196000000,167772275,0,0,0,0,10000
196000000,167772276,0,0,0,0,10000
196000000,167772277,0,0,0,0,10000
196000000,167772278,0,0,0,0,10000
196000000,167772279,0,0,0,0,10000
196000000,167772280,0,0,0,0,10000
196000000,167772281,0,0,0,0,10000
196000000,167772282,0,0,0,0,10000
196000000,167772283,0,0,0,0,10000
196000000,167772284,0,0,0,0,10000
196000000,167772285,0,0,0,0,10000
196000000,167772286,0,0,0,0,10000
196000000,167772287,0,0,0,0,10000
197000000,167772256,0,0,0,0,10000
197000000,167772257,0,0,0,0,10000
197000000,167772258,0,0,0,0,10000
197000000,167772259,0,0,0,0,10000
197000000,167772260,0,0,0,0,10000
197000000,167772261,0,0,0,0,10000
197000000,167772262,0,0,0,0,10000
197000000,167772263,0,0,0,0,10000
197000000,167772264,0,0,0,0,10000
197000000,167772265,0,0,0,0,10000
197000000,167772266,0,0,0,0,10000
197000000,167772267,0,0,0,0,10000
197000000,167772268,0,0,0,0,10000
197000000,167772269,0,0,0,0,10000
197000000,167772270,0,0,0,0,10000
197000000,167772271,0,0,0,0,10000
197000000,167772272,0,0,0,0,10000
197000000,167772273,0,0,0,0,10000
197000000,167772274,0,0,0,0,10000
197000000,167772275,0,0,0,0,10000
197000000,167772276,0,0,0,0,10000
197000000,167772277,0,0,0,0,10000
197000000,167772278,0,0,0,0,10000
197000000,167772279,0,0,0,0,10000
197000000,167772280,0,0,0,0,10000
197000000,167772281,0,0,0,0,10000
197000000,167772282,0,0,0,0,10000
197000000,167772283,0,0,0,0,10000
197000000,167772284,0,0,0,0,10000
197000000,167772285,0,0,0,0,10000
197000000,167772286,0,0,0,0,10000
197000000,167772287,0,0,0,0,10000
198000000,167772256,0,0,0,0,10000
198000000,167772257,0,0,0,0,10000
198000000,167772258,0,0,0,0,10000
198000000,167772259,0,0,0,0,10000
198000000,167772260,0,0,0,0,10000
198000000,167772261,0,0,0,0,10000
198000000,167772262,0,0,0,0,10000
198000000,167772263,0,0,0,0,10000
198000000,167772264,0,0,0,0,10000
198000000,167772265,0,0,0,0,10000
198000000,167772266,0,0,0,0,10000
198000000,167772267,0,0,0,0,10000
198000000,167772268,0,0,0,0,10000
198000000,167772269,0,0,0,0,10000
198000000,167772270,0,0,0,0,10000
198000000,167772271,0,0,0,0,10000
198000000,167772272,0,0,0,0,10000
198000000,167772273,0,0,0,0,10000
198000000,167772274,0,0,0,0,10000
198000000,167772275,0,0,0,0,10000
198000000,167772276,0,0,0,0,10000
198000000,167772277,0,0,0,0,10000
198000000,167772278,0,0,0,0,10000
198000000,167772279,0,0,0,0,10000
198000000,167772280,0,0,0,0,10000
198000000,167772281,0,0,0,0,10000
198000000,167772282,0,0,0,0,10000
198000000,167772283,0,0,0,0,10000
198000000,167772284,0,0,0,0,10000
198000000,167772285,0,0,0,0,10000
198000000,167772286,0,0,0,0,10000
198000000,167772287,0,0,0,0,10000
199000000,167772256,0,0,0,0,10000
199000000,167772257,0,0,0,0,10000
199000000,167772258,0,0,0,0,10000
199000000,167772259,0,0,0,0,10000
199000000,167772260,0,0,0,0,10000
199000000,167772261,0,0,0,0,10000
199000000,167772262,0,0,0,0,10000
199000000,167772263,0,0,0,0,10000
199000000,167772264,0,0,0,0,10000
199000000,167772265,0,0,0,0,10000
199000000,167772266,0,0,0,0,10000
199000000,167772267,0,0,0,0,10000
199000000,167772268,0,0,0,0,10000
199000000,167772269,0,0,0,0,10000
199000000,167772270,0,0,0,0,10000
199000000,167772271,0,0,0,0,10000
199000000,167772272,0,0,0,0,10000
199000000,167772273,0,0,0,0,10000
199000000,167772274,0,0,0,0,10000
199000000,167772275,0,0,0,0,10000
199000000,167772276,0,0,0,0,10000
199000000,167772277,0,0,0,0,10000
199000000,167772278,0,0,0,0,10000
199000000,167772279,0,0,0,0,10000
199000000,167772280,0,0,0,0,10000
199000000,167772281,0,0,0,0,10000
199000000,167772282,0,0,0,0,10000
199000000,167772283,0,0,0,0,10000
199000000,167772284,0,0,0,0,10000
199000000,167772285,0,0,0,0,10000
199000000,167772286,0,0,0,0,10000
199000000,167772287,0,0,0,0,10000
200000000,167772256,0,0,0,0,10000
200000000,167772257,0,0,0,0,10000
200000000,167772258,0,0,0,0,10000
200000000,167772259,0,0,0,0,10000
200000000,167772260,0,0,0,0,10000
200000000,167772261,0,0,0,0,10000
200000000,167772262,0,0,0,0,10000
200000000,167772263,0,0,0,0,10000
200000000,167772264,0,0,0,0,10000
200000000,167772265,0,0,0,0,10000
200000000,167772266,0,0,0,0,10000
200000000,167772267,0,0,0,0,10000
200000000,167772268,0,0,0,0,10000
200000000,167772269,0,0,0,0,10000
200000000,167772270,0,0,0,0,10000
200000000,167772271,0,0,0,0,10000
200000000,167772272,0,0,0,0,10000
200000000,167772273,0,0,0,0,10000
200000000,167772274,0,0,0,0,10000
200000000,167772275,0,0,0,0,10000
200000000,167772276,0,0,0,0,10000
200000000,167772277,0,0,0,0,10000
200000000,167772278,0,0,0,0,10000
200000000,167772279,0,0,0,0,10000
200000000,167772280,0,0,0,0,10000
200000000,167772281,0,0,0,0,10000
200000000,167772282,0,0,0,0,10000
200000000,167772283,0,0,0,0,10000
200000000,167772284,0,0,0,0,10000
200000000,167772285,0,0,0,0,10000
200000000,167772286,0,0,0,0,10000
200000000,167772287,0,0,0,0,10000
201000000,167772256,0,0,0,0,10000
201000000,167772257,0,0,0,0,10000
201000000,167772258,0,0,0,0,10000
201000000,167772259,0,0,0,0,10000
201000000,167772260,0,0,0,0,10000
201000000,167772261,0,0,0,0,10000
201000000,167772262,0,0,0,0,10000
201000000,167772263,0,0,0,0,10000
201000000,167772264,0,0,0,0,10000
201000000,167772265,0,0,0,0,10000
201000000,167772266,0,0,0,0,10000
201000000,167772267,0,0,0,0,10000
201000000,167772268,0,0,0,0,10000
201000000,167772269,0,0,0,0,10000
201000000,167772270,0,0,0,0,10000
201000000,167772271,0,0,0,0,10000
201000000,167772272,0,0,0,0,10000
201000000,167772273,0,0,0,0,10000
201000000,167772274,0,0,0,0,10000
201000000,167772275,0,0,0,0,10000
201000000,167772276,0,0,0,0,10000
201000000,167772277,0,0,0,0,10000
201000000,167772278,0,0,0,0,10000
201000000,167772279,0,0,0,0,10000
201000000,167772280,0,0,0,0,10000
201000000,167772281,0,0,0,0,10000
201000000,167772282,0,0,0,0,10000
201000000,167772283,0,0,0,0,10000
201000000,167772284,0,0,0,0,10000
201000000,167772285,0,0,0,0,10000
201000000,167772286,0,0,0,0,10000
201000000,167772287,0,0,0,0,10000
202000000,167772256,0,0,0,0,10000
202000000,167772257,0,0,0,0,10000
202000000,167772258,0,0,0,0,10000
202000000,167772259,0,0,0,0,10000
202000000,167772260,0,0,0,0,10000
202000000,167772261,0,0,0,0,10000
202000000,167772262,0,0,0,0,10000
202000000,167772263,0,0,0,0,10000
202000000,167772264,0,0,0,0,10000
202000000,167772265,0,0,0,0,10000
202000000,167772266,0,0,0,0,10000
202000000,167772267,0,0,0,0,10000
202000000,167772268,0,0,0,0,10000
202000000,167772269,0,0,0,0,10000
202000000,167772270,0,0,0,0,10000
202000000,167772271,0,0,0,0,10000
202000000,167772272,0,0,0,0,10000
202000000,167772273,0,0,0,0,10000
202000000,167772274,0,0,0,0,10000
202000000,167772275,0,0,0,0,10000
202000000,167772276,0,0,0,0,10000
202000000,167772277,0,0,0,0,10000
202000000,167772278,0,0,0,0,10000
202000000,167772279,0,0,0,0,10000
202000000,167772280,0,0,0,0,10000
202000000,167772281,0,0,0,0,10000
202000000,167772282,0,0,0,0,10000
202000000,167772283,0,0,0,0,10000
202000000,167772284,0,0,0,0,10000
202000000,167772285,0,0,0,0,10000
202000000,167772286,0,0,0,0,10000
202000000,167772287,0,0,0,0,10000
203000000,167772256,0,0,0,0,10000
203000000,167772257,0,0,0,0,10000
203000000,167772258,0,0,0,0,10000
203000000,167772259,0,0,0,0,10000
203000000,167772260,0,0,0,0,10000
203000000,167772261,0,0,0,0,10000
203000000,167772262,0,0,0,0,10000
203000000,167772263,0,0,0,0,10000
203000000,167772264,0,0,0,0,10000
203000000,167772265,0,0,0,0,10000
203000000,167772266,0,0,0,0,10000
203000000,167772267,0,0,0,0,10000
203000000,167772268,0,0,0,0,10000
203000000,167772269,0,0,0,0,10000
203000000,167772270,0,0,0,0,10000
203000000,167772271,0,0,0,0,10000
203000000,167772272,0,0,0,0,10000
203000000,167772273,0,0,0,0,10000
203000000,167772274,0,0,0,0,10000
203000000,167772275,0,0,0,0,10000
203000000,167772276,0,0,0,0,10000
203000000,167772277,0,0,0,0,10000
203000000,167772278,0,0,0,0,10000
203000000,167772279,0,0,0,0,10000
203000000,167772280,0,0,0,0,10000
203000000,167772281,0,0,0,0,10000
203000000,167772282,0,0,0,0,10000
203000000,167772283,0,0,0,0,10000
203000000,167772284,0,0,0,0,10000
203000000,167772285,0,0,0,0,10000
203000000,167772286,0,0,0,0,10000
203000000,167772287,0,0,0,0,10000
204000000,167772256,0,0,0,0,10000
204000000,167772257,0,0,0,0,10000
204000000,167772258,0,0,0,0,10000
204000000,167772259,0,0,0,0,10000
204000000,167772260,0,0,0,0,10000
204000000,167772261,0,0,0,0,10000
204000000,167772262,0,0,0,0,10000
204000000,167772263,0,0,0,0,10000
204000000,167772264,0,0,0,0,10000
204000000,167772265,0,0,0,0,10000
204000000,167772266,0,0,0,0,10000
204000000,167772267,0,0,0,0,10000
204000000,167772268,0,0,0,0,10000
204000000,167772269,0,0,0,0,10000
204000000,167772270,0,0,0,0,10000
204000000,167772271,0,0,0,0,10000
204000000,167772272,0,0,0,0,10000
204000000,167772273,0,0,0,0,10000
204000000,167772274,0,0,0,0,10000
204000000,167772275,0,0,0,0,10000
204000000,167772276,0,0,0,0,10000
204000000,167772277,0,0,0,0,10000
204000000,167772278,0,0,0,0,10000
204000000,167772279,0,0,0,0,10000
204000000,167772280,0,0,0,0,10000
204000000,167772281,0,0,0,0,10000
204000000,167772282,0,0,0,0,10000
204000000,167772283,0,0,0,0,10000
204000000,167772284,0,0,0,0,10000
204000000,167772285,0,0,0,0,10000
204000000,167772286,0,0,0,0,10000
204000000,167772287,0,0,0,0,10000
205000000,167772256,0,0,0,0,10000
205000000,167772257,0,0,0,0,10000
205000000,167772258,0,0,0,0,10000
205000000,167772259,0,0,0,0,10000
205000000,167772260,0,0,0,0,10000
205000000,167772261,0,0,0,0,10000
205000000,167772262,0,0,0,0,10000
205000000,167772263,0,0,0,0,10000
205000000,167772264,0,0,0,0,10000
205000000,167772265,0,0,0,0,10000
205000000,167772266,0,0,0,0,10000
205000000,167772267,0,0,0,0,10000
205000000,167772268,0,0,0,0,10000
205000000,167772269,0,0,0,0,10000
205000000,167772270,0,0,0,0,10000
205000000,167772271,0,0,0,0,10000
205000000,167772272,0,0,0,0,10000
205000000,167772273,0,0,0,0,10000
205000000,167772274,0,0,0,0,10000
205000000,167772275,0,0,0,0,10000
205000000,167772276,0,0,0,0,10000
205000000,167772277,0,0,0,0,10000
205000000,167772278,0,0,0,0,10000
205000000,167772279,0,0,0,0,10000
205000000,167772280,0,0,0,0,10000
205000000,167772281,0,0,0,0,10000
205000000,167772282,0,0,0,0,10000
205000000,167772283,0,0,0,0,10000
205000000,167772284,0,0,0,0,10000
205000000,167772285,0,0,0,0,10000
205000000,167772286,0,0,0,0,10000
205000000,167772287,0,0,0,0,10000
206000000,167772256,0,0,0,0,10000
206000000,167772257,0,0,0,0,10000
206000000,167772258,0,0,0,0,10000
206000000,167772259,0,0,0,0,10000
206000000,167772260,0,0,0,0,10000
206000000,167772261,0,0,0,0,10000
206000000,167772262,0,0,0,0,10000
206000000,167772263,0,0,0,0,10000
206000000,167772264,0,0,0,0,10000
206000000,167772265,0,0,0,0,10000
206000000,167772266,0,0,0,0,10000
206000000,167772267,0,0,0,0,10000
206000000,167772268,0,0,0,0,10000
206000000,167772269,0,0,0,0,10000
206000000,167772270,0,0,0,0,10000
206000000,167772271,0,0,0,0,10000
206000000,167772272,0,0,0,0,10000
206000000,167772273,0,0,0,0,10000
206000000,167772274,0,0,0,0,10000
206000000,167772275,0,0,0,0,10000
206000000,167772276,0,0,0,0,10000
206000000,167772277,0,0,0,0,10000
206000000,167772278,0,0,0,0,10000
206000000,167772279,0,0,0,0,10000
206000000,167772280,0,0,0,0,10000
206000000,167772281,0,0,0,0,10000
206000000,167772282,0,0,0,0,10000
206000000,167772283,0,0,0,0,10000
206000000,167772284,0,0,0,0,10000
206000000,167772285,0,0,0,0,10000
206000000,167772286,0,0,0,0,10000
206000000,167772287,0,0,0,0,10000
207000000,167772256,0,0,0,0,10000
207000000,167772257,0,0,0,0,10000
207000000,167772258,0,0,0,0,10000
207000000,167772259,0,0,0,0,10000
207000000,167772260,0,0,0,0,10000
207000000,167772261,0,0,0,0,10000
207000000,167772262,0,0,0,0,10000
207000000,167772263,0,0,0,0,10000
207000000,167772264,0,0,0,0,10000
207000000,167772265,0,0,0,0,10000
207000000,167772266,0,0,0,0,10000
207000000,167772267,0,0,0,0,10000
207000000,167772268,0,0,0,0,10000
207000000,167772269,0,0,0,0,10000
207000000,167772270,0,0,0,0,10000
207000000,167772271,0,0,0,0,10000
207000000,167772272,0,0,0,0,10000
207000000,167772273,0,0,0,0,10000
207000000,167772274,0,0,0,0,10000
207000000,167772275,0,0,0,0,10000
207000000,167772276,0,0,0,0,10000
207000000,167772277,0,0,0,0,10000
207000000,167772278,0,0,0,0,10000
207000000,167772279,0,0,0,0,10000
207000000,167772280,0,0,0,0,10000
207000000,167772281,0,0,0,0,10000
207000000,167772282,0,0,0,0,10000
207000000,167772283,0,0,0,0,10000
207000000,167772284,0,0,0,0,10000
207000000,167772285,0,0,0,0,10000
207000000,167772286,0,0,0,0,10000
207000000,167772287,0,0,0,0,10000
208000000,167772256,0,0,0,0,10000
208000000,167772257,0,0,0,0,10000
208000000,167772258,0,0,0,0,10000
208000000,167772259,0,0,0,0,10000
208000000,167772260,0,0,0,0,10000
208000000,167772261,0,0,0,0,10000
208000000,167772262,0,0,0,0,10000
208000000,167772263,0,0,0,0,10000
208000000,167772264,0,0,0,0,10000
208000000,167772265,0,0,0,0,10000
208000000,167772266,0,0,0,0,10000
208000000,167772267,0,0,0,0,10000
208000000,167772268,0,0,0,0,10000
208000000,167772269,0,0,0,0,10000
208000000,167772270,0,0,0,0,10000
208000000,167772271,0,0,0,0,10000
208000000,167772272,0,0,0,0,10000
208000000,167772273,0,0,0,0,10000
208000000,167772274,0,0,0,0,10000
208000000,167772275,0,0,0,0,10000
208000000,167772276,0,0,0,0,10000
208000000,167772277,0,0,0,0,10000
208000000,167772278,0,0,0,0,10000
208000000,167772279,0,0,0,0,10000
208000000,167772280,0,0,0,0,10000
208000000,167772281,0,0,0,0,10000
208000000,167772282,0,0,0,0,10000
208000000,167772283,0,0,0,0,10000
208000000,167772284,0,0,0,0,10000
208000000,167772285,0,0,0,0,10000
208000000,167772286,0,0,0,0,10000
208000000,167772287,0,0,0,0,10000
209000000,167772256,0,0,0,0,10000
209000000,167772257,0,0,0,0,10000
209000000,167772258,0,0,0,0,10000
209000000,167772259,0,0,0,0,10000
209000000,167772260,0,0,0,0,10000
209000000,167772261,0,0,0,0,10000
209000000,167772262,0,0,0,0,10000
209000000,167772263,0,0,0,0,10000
209000000,167772264,0,0,0,0,10000
209000000,167772265,0,0,0,0,10000
209000000,167772266,0,0,0,0,10000
209000000,167772267,0,0,0,0,10000
209000000,167772268,0,0,0,0,10000
209000000,167772269,0,0,0,0,10000
209000000,167772270,0,0,0,0,10000
209000000,167772271,0,0,0,0,10000
209000000,167772272,0,0,0,0,10000
209000000,167772273,0,0,0,0,10000
209000000,167772274,0,0,0,0,10000
209000000,167772275,0,0,0,0,10000
209000000,167772276,0,0,0,0,10000
209000000,167772277,0,0,0,0,10000
209000000,167772278,0,0,0,0,10000
209000000,167772279,0,0,0,0,10000
209000000,167772280,0,0,0,0,10000
209000000,167772281,0,0,0,0,10000
209000000,167772282,0,0,0,0,10000
209000000,167772283,0,0,0,0,10000
209000000,167772284,0,0,0,0,10000
209000000,167772285,0,0,0,0,10000
209000000,167772286,0,0,0,0,10000
209000000,167772287,0,0,0,0,10000
210000000,167772256,0,0,0,0,10000
210000000,167772257,0,0,0,0,10000
210000000,167772258,0,0,0,0,10000
210000000,167772259,0,0,0,0,10000
210000000,167772260,0,0,0,0,10000
210000000,167772261,0,0,0,0,10000
210000000,167772262,0,0,0,0,10000
210000000,167772263,0,0,0,0,10000
210000000,167772264,0,0,0,0,10000
210000000,167772265,0,0,0,0,10000
210000000,167772266,0,0,0,0,10000
210000000,167772267,0,0,0,0,10000
210000000,167772268,0,0,0,0,10000
210000000,167772269,0,0,0,0,10000
210000000,167772270,0,0,0,0,10000
210000000,167772271,0,0,0,0,10000
210000000,167772272,0,0,0,0,10000
210000000,167772273,0,0,0,0,10000
210000000,167772274,0,0,0,0,10000
210000000,167772275,0,0,0,0,10000
210000000,167772276,0,0,0,0,10000
210000000,167772277,0,0,0,0,10000
210000000,167772278,0,0,0,0,10000
210000000,167772279,0,0,0,0,10000
210000000,167772280,0,0,0,0,10000
210000000,167772281,0,0,0,0,10000
210000000,167772282,0,0,0,0,10000
210000000,167772283,0,0,0,0,10000
210000000,167772284,0,0,0,0,10000
210000000,167772285,0,0,0,0,10000
210000000,167772286,0,0,0,0,10000
210000000,167772287,0,0,0,0,10000
211000000,167772256,0,0,0,0,10000
211000000,167772257,0,0,0,0,10000
211000000,167772258,0,0,0,0,10000
211000000,167772259,0,0,0,0,10000
211000000,167772260,0,0,0,0,10000
211000000,167772261,0,0,0,0,10000
211000000,167772262,0,0,0,0,10000
211000000,167772263,0,0,0,0,10000
211000000,167772264,0,0,0,0,10000
211000000,167772265,0,0,0,0,10000
211000000,167772266,0,0,0,0,10000
211000000,167772267,0,0,0,0,10000
211000000,167772268,0,0,0,0,10000
211000000,167772269,0,0,0,0,10000
211000000,167772270,0,0,0,0,10000
211000000,167772271,0,0,0,0,10000
211000000,167772272,0,0,0,0,10000
211000000,167772273,0,0,0,0,10000
211000000,167772274,0,0,0,0,10000
211000000,167772275,0,0,0,0,10000
211000000,167772276,0,0,0,0,10000
211000000,167772277,0,0,0,0,10000
211000000,167772278,0,0,0,0,10000
211000000,167772279,0,0,0,0,10000
211000000,167772280,0,0,0,0,10000
211000000,167772281,0,0,0,0,10000
211000000,167772282,0,0,0,0,10000
211000000,167772283,0,0,0,0,10000
211000000,167772284,0,0,0,0,10000
211000000,167772285,0,0,0,0,10000
211000000,167772286,0,0,0,0,10000
211000000,167772287,0,0,0,0,10000
212000000,167772256,0,0,0,0,10000
212000000,167772257,0,0,0,0,10000
212000000,167772258,0,0,0,0,10000
212000000,167772259,0,0,0,0,10000
212000000,167772260,0,0,0,0,10000
212000000,167772261,0,0,0,0,10000
212000000,167772262,0,0,0,0,10000
212000000,167772263,0,0,0,0,10000
212000000,167772264,0,0,0,0,10000
212000000,167772265,0,0,0,0,10000
212000000,167772266,0,0,0,0,10000
212000000,167772267,0,0,0,0,10000
212000000,167772268,0,0,0,0,10000
212000000,167772269,0,0,0,0,10000
212000000,167772270,0,0,0,0,10000
212000000,167772271,0,0,0,0,10000
212000000,167772272,0,0,0,0,10000
212000000,167772273,0,0,0,0,10000
212000000,167772274,0,0,0,0,10000
212000000,167772275,0,0,0,0,10000
212000000,167772276,0,0,0,0,10000
212000000,167772277,0,0,0,0,10000
212000000,167772278,0,0,0,0,10000
212000000,167772279,0,0,0,0,10000
212000000,167772280,0,0,0,0,10000
212000000,167772281,0,0,0,0,10000
212000000,167772282,0,0,0,0,10000
212000000,167772283,0,0,0,0,10000
212000000,167772284,0,0,0,0,10000
212000000,167772285,0,0,0,0,10000
212000000,167772286,0,0,0,0,10000
212000000,167772287,0,0,0,0,10000
213000000,167772256,0,0,0,0,10000
213000000,167772257,0,0,0,0,10000
213000000,167772258,0,0,0,0,10000
213000000,167772259,0,0,0,0,10000
213000000,167772260,0,0,0,0,10000
213000000,167772261,0,0,0,0,10000
213000000,167772262,0,0,0,0,10000
213000000,167772263,0,0,0,0,10000
213000000,167772264,0,0,0,0,10000
213000000,167772265,0,0,0,0,10000
213000000,167772266,0,0,0,0,10000
213000000,167772267,0,0,0,0,10000
213000000,167772268,0,0,0,0,10000
213000000,167772269,0,0,0,0,10000
213000000,167772270,0,0,0,0,10000
213000000,167772271,0,0,0,0,10000
213000000,167772272,0,0,0,0,10000
213000000,167772273,0,0,0,0,10000
213000000,167772274,0,0,0,0,10000
213000000,167772275,0,0,0,0,10000
213000000,167772276,0,0,0,0,10000
213000000,167772277,0,0,0,0,10000
213000000,167772278,0,0,0,0,10000
213000000,167772279,0,0,0,0,10000
213000000,167772280,0,0,0,0,10000
213000000,167772281,0,0,0,0,10000
213000000,167772282,0,0,0,0,10000
213000000,167772283,0,0,0,0,10000
213000000,167772284,0,0,0,0,10000
213000000,167772285,0,0,0,0,10000
213000000,167772286,0,0,0,0,10000
213000000,167772287,0,0,0,0,10000
214000000,167772256,0,0,0,0,10000
214000000,167772257,0,0,0,0,10000
214000000,167772258,0,0,0,0,10000
214000000,167772259,0,0,0,0,10000
214000000,167772260,0,0,0,0,10000
214000000,167772261,0,0,0,0,10000
214000000,167772262,0,0,0,0,10000
214000000,167772263,0,0,0,0,10000
214000000,167772264,0,0,0,0,10000
214000000,167772265,0,0,0,0,10000
214000000,167772266,0,0,0,0,10000
214000000,167772267,0,0,0,0,10000
214000000,167772268,0,0,0,0,10000
214000000,167772269,0,0,0,0,10000
214000000,167772270,0,0,0,0,10000
214000000,167772271,0,0,0,0,10000
214000000,167772272,0,0,0,0,10000
214000000,167772273,0,0,0,0,10000
214000000,167772274,0,0,0,0,10000
214000000,167772275,0,0,0,0,10000
214000000,167772276,0,0,0,0,10000
214000000,167772277,0,0,0,0,10000
214000000,167772278,0,0,0,0,10000
214000000,167772279,0,0,0,0,10000
214000000,167772280,0,0,0,0,10000
214000000,167772281,0,0,0,0,10000
214000000,167772282,0,0,0,0,10000
214000000,167772283,0,0,0,0,10000
214000000,167772284,0,0,0,0,10000
214000000,167772285,0,0,0,0,10000
214000000,167772286,0,0,0,0,10000
214000000,167772287,0,0,0,0,10000
215000000,167772256,0,0,0,0,10000
215000000,167772257,0,0,0,0,10000
215000000,167772258,0,0,0,0,10000
215000000,167772259,0,0,0,0,10000
215000000,167772260,0,0,0,0,10000
215000000,167772261,0,0,0,0,10000
215000000,167772262,0,0,0,0,10000
215000000,167772263,0,0,0,0,10000
215000000,167772264,0,0,0,0,10000
215000000,167772265,0,0,0,0,10000
215000000,167772266,0,0,0,0,10000
215000000,167772267,0,0,0,0,10000
215000000,167772268,0,0,0,0,10000
215000000,167772269,0,0,0,0,10000
215000000,167772270,0,0,0,0,10000
215000000,167772271,0,0,0,0,10000
215000000,167772272,0,0,0,0,10000
215000000,167772273,0,0,0,0,10000
215000000,167772274,0,0,0,0,10000
215000000,167772275,0,0,0,0,10000
215000000,167772276,0,0,0,0,10000
215000000,167772277,0,0,0,0,10000
215000000,167772278,0,0,0,0,10000
215000000,167772279,0,0,0,0,10000
215000000,167772280,0,0,0,0,10000
215000000,167772281,0,0,0,0,10000
215000000,167772282,0,0,0,0,10000
215000000,167772283,0,0,0,0,10000
215000000,167772284,0,0,0,0,10000
215000000,167772285,0,0,0,0,10000
215000000,167772286,0,0,0,0,10000
215000000,167772287,0,0,0,0,10000
216000000,167772256,0,0,0,0,10000
216000000,167772257,0,0,0,0,10000
216000000,167772258,0,0,0,0,10000
216000000,167772259,0,0,0,0,10000
216000000,167772260,0,0,0,0,10000
216000000,167772261,0,0,0,0,10000
216000000,167772262,0,0,0,0,10000
216000000,167772263,0,0,0,0,10000
216000000,167772264,0,0,0,0,10000
216000000,167772265,0,0,0,0,10000
216000000,167772266,0,0,0,0,10000
216000000,167772267,0,0,0,0,10000
216000000,167772268,0,0,0,0,10000
216000000,167772269,0,0,0,0,10000
216000000,167772270,0,0,0,0,10000
216000000,167772271,0,0,0,0,10000
216000000,167772272,0,0,0,0,10000
216000000,167772273,0,0,0,0,10000
216000000,167772274,0,0,0,0,10000
216000000,167772275,0,0,0,0,10000
216000000,167772276,0,0,0,0,10000
216000000,167772277,0,0,0,0,10000
216000000,167772278,0,0,0,0,10000
216000000,167772279,0,0,0,0,10000
216000000,167772280,0,0,0,0,10000
216000000,167772281,0,0,0,0,10000
216000000,167772282,0,0,0,0,10000
216000000,167772283,0,0,0,0,10000
216000000,167772284,0,0,0,0,10000
216000000,167772285,0,0,0,0,10000
216000000,167772286,0,0,0,0,10000
216000000,167772287,0,0,0,0,10000
